52 23 30 49 78 44 12 1 5 86 58 9 9 51 13 73 14 76 56 98 22 47 14 20 18 88 92 67 28 43 54 33 29 34 29 35 84 87 41 38 82 4 62 100 52 90 80 94 4 53 30 59 39 47 7 2 18 10 76 100 32 71 20 62 92 47 81 13 69 10 71 16 34 57 93 48 73 32 15 45 21 12 71 84 16 77 74 31 30 54 22 28 95 55 88 75 2 50 66
12 35 91 72 22 62 38 70 93 40 43 44 91 27 48 92 33 31 3 21 69 65 83 1 54 87 17 20 47 77 2 92 37 5 53 6 81 3 1 86 9 7 78 34 32 35 14 3 20 73 27 91 27 90 70 4 88 13 54 39 55 5 36 91 59 94 66 30 53 17 16 16 27 76 40 39 91 15 14 95 27 52 49 5 69 61 55 93 94 46 16 35 17 54 46 54 11 64 5
16 65 93 40 64 43 93 49 39 49 18 69 63 72 8 87 56 58 10 64 17 23 47 24 3 1 42 4 14 64 53 24 15 22 50 65 89 30 52 56 69 96 55 13 92 50 43 68 22 51 9 5 84 56 58 9 26 48 63 73 86 70 59 33 13 82 14 52 38 93 66 10 61 30 12 80 20 23 98 99 88 96 50 95 64 48 15 17 7 21 88 20 15 86 9 53 78 40 10
25 48 100 49 91 92 87 10 95 77 76 36 6 57 20 92 17 15 16 95 97 94 41 76 16 70 44 45 16 4 86 33 65 67 74 44 21 50 28 53 90 34 30 9 52 49 79 46 42 88 14 36 70 65 1 77 81 96 18 59 67 58 61 37 7 9 43 47 9 4 84 18 32 45 51 38 14 49 86 8 23 46 54 75 45 80 58 27 6 67 64 91 5 27 85 18 63 78 6
1 13 63 23 47 64 67 68 38 14 18 20 56 83 44 40 43 47 74 71 18 88 29 19 19 90 21 83 67 3 29 31 31 71 56 38 93 25 5 15 94 82 4 21 10 36 56 33 38 48 79 31 51 21 40 63 13 33 65 6 23 21 14 93 85 22 21 33 51 75 57 20 68 56 17 34 70 19 59 8 42 3 67 41 70 35 89 75 46 39 95 32 34 82 13 18 75 46 47
70 38 69 28 20 63 97 4 72 96 83 50 75 87 76 20 32 94 31 54 73 22 63 65 67 88 60 20 43 3 30 6 97 69 73 86 89 42 33 65 46 77 70 84 81 37 2 95 62 28 17 87 76 17 14 39 58 16 42 80 14 7 65 40 61 46 100 89 84 100 21 81 51 46 21 54 66 13 38 44 73 60 3 8 26 20 24 68 100 40 49 45 31 44 73 3 45 13 1
46 83 29 38 16 47 54 85 16 55 76 1 8 59 86 41 28 49 97 73 44 29 71 47 72 56 100 33 60 73 12 38 3 95 51 84 58 15 44 78 50 37 73 32 50 13 93 44 94 13 46 66 47 86 21 16 92 93 68 43 21 35 22 45 38 62 95 33 83 57 67 43 92 71 98 17 45 16 4 66 50 17 76 79 41 66 69 40 49 95 38 74 77 31 30 26 70 9 25
94 10 78 84 6 62 6 11 20 85 99 40 37 9 50 81 47 93 57 31 11 2 40 21 2 98 90 72 54 63 58 7 30 10 2 5 89 16 41 45 6 80 88 77 41 66 66 2 61 88 100 32 1 91 26 74 12 68 64 59 59 56 55 78 26 16 1 83 34 71 11 60 55 57 66 74 99 82 44 66 68 71 8 19 72 24 9 60 15 76 55 47 97 63 100 63 50 47 49
73 82 45 48 66 60 5 51 85 9 12 62 83 81 41 56 90 54 51 90 23 55 99 32 2 17 99 20 79 38 38 80 84 90 9 55 57 63 99 73 21 22 25 42 86 26 46 21 78 66 7 75 39 56 36 1 71 47 14 83 37 69 2 41 58 24 82 88 33 75 74 36 67 53 65 50 80 95 26 13 23 72 22 64 92 6 4 95 37 36 4 2 66 44 91 10 13 30 68
78 90 4 71 12 31 27 19 20 65 29 71 33 3 45 53 33 30 27 74 21 69 42 57 65 69 18 38 13 11 80 30 84 31 54 7 92 60 41 69 84 86 20 16 91 35 75 28 17 45 86 48 88 85 80 6 18 88 48 18 75 85 11 89 99 92 5 93 3 44 67 6 34 66 18 96 98 63 53 1 79 45 10 23 79 48 94 53 53 14 8 12 19 30 98 12 4 62 50
32 30 82 79 48 29 78 42 18 93 21 38 68 40 29 36 63 16 4 5 11 2 40 52 83 47 59 19 49 100 61 51 26 88 66 21 67 57 52 14 7 51 76 95 18 17 77 95 27 18 64 54 4 90 15 96 47 93 36 2 84 77 35 16 4 85 87 6 16 88 15 90 12 94 69 3 36 74 2 28 97 99 74 99 44 48 89 10 44 13 3 25 77 79 46 39 91 75 51
34 36 16 65 36 66 28 8 6 55 43 27 30 19 59 42 80 77 100 54 73 81 57 30 39 21 89 47 7 27 10 61 63 77 92 35 60 51 98 17 63 5 56 64 54 63 62 54 56 55 73 87 45 75 9 64 26 29 62 68 7 93 55 9 50 31 11 44 86 69 7 18 35 93 21 96 51 41 82 96 9 68 46 49 47 83 39 56 69 1 98 84 36 4 22 21 5 46 33
40 51 57 37 73 83 26 99 13 69 13 25 54 95 3 30 72 23 53 55 75 69 78 52 60 27 39 24 85 46 70 82 26 98 27 10 82 88 4 30 61 36 8 62 95 45 54 50 25 17 37 98 30 85 86 2 59 70 92 70 67 80 16 33 56 39 1 58 92 45 29 85 29 96 92 8 50 35 19 76 19 27 20 9 38 94 86 91 36 34 53 53 78 7 31 16 5 1 22
20 92 20 8 77 84 46 99 11 38 4 52 82 65 53 18 88 75 83 34 19 30 87 36 72 24 66 91 100 88 43 95 11 1 8 34 85 99 91 11 83 83 25 78 74 88 14 39 93 16 97 55 51 39 36 49 69 88 44 45 60 48 30 17 82 90 60 4 47 59 2 70 69 22 13 4 87 41 13 73 93 72 72 58 65 86 92 77 99 6 23 19 91 99 32 21 94 41 40
49 96 87 47 52 85 65 93 67 1 83 14 45 13 74 41 10 61 87 30 24 11 59 63 12 37 19 67 13 97 73 64 4 94 71 100 26 32 57 41 39 70 56 53 49 71 44 23 3 30 78 29 63 87 7 80 77 2 29 60 64 44 49 43 8 25 99 45 90 26 66 39 67 89 37 23 54 11 70 10 32 92 5 17 54 2 46 64 84 49 80 70 15 49 47 96 46 78 47
14 36 28 27 13 26 6 78 38 18 58 51 91 61 57 37 7 33 26 19 79 81 63 62 88 5 2 85 16 1 74 52 59 89 71 66 25 13 85 48 73 16 26 10 60 68 93 69 21 16 67 41 37 82 4 6 68 95 34 51 14 16 34 3 23 25 93 33 30 77 11 87 27 30 68 50 9 22 40 61 83 31 25 55 21 43 23 98 64 85 69 69 53 57 34 62 51 31 97
19 79 84 42 23 57 28 10 20 89 31 67 42 53 30 47 18 1 20 43 36 10 30 59 66 79 79 71 91 25 9 5 20 27 71 82 20 3 56 90 31 24 85 16 47 1 78 55 61 80 30 97 23 94 66 47 2 92 74 33 86 57 35 91 6 13 51 19 16 92 76 39 100 95 3 42 65 14 25 3 76 43 18 58 53 78 7 66 52 35 62 30 34 11 31 40 76 38 96
42 51 10 10 27 48 12 44 27 44 80 26 14 37 97 40 8 42 45 35 24 33 25 83 19 83 32 80 23 32 87 87 67 4 13 60 3 47 14 81 14 58 94 4 17 33 10 36 15 41 4 32 42 57 58 40 27 9 61 69 77 30 53 46 19 41 11 68 62 52 26 43 27 76 29 35 85 96 88 20 60 98 38 78 79 86 91 98 11 45 74 89 73 9 90 20 5 67 65
87 85 58 34 44 33 15 32 20 36 32 4 40 2 62 8 100 78 74 79 62 8 15 22 35 37 35 27 100 11 12 33 53 76 46 96 40 66 30 25 26 99 85 28 54 39 41 95 72 24 87 30 38 13 59 78 69 100 15 1 12 20 30 72 40 80 74 22 93 88 33 73 14 48 68 85 12 12 91 84 88 78 22 2 90 12 65 11 97 5 15 43 13 78 56 44 12 96 51
15 93 1 94 60 13 25 92 7 29 84 100 4 75 57 93 51 42 54 40 51 30 16 49 66 6 35 80 56 93 42 68 2 100 53 18 15 37 38 99 81 79 79 24 42 88 86 87 52 27 58 82 89 78 87 7 4 85 11 23 11 77 1 53 81 81 3 65 21 10 35 2 83 100 57 15 1 1 86 91 63 61 57 28 29 74 80 72 26 10 96 26 47 68 95 84 48 57 68
56 38 19 48 98 67 20 16 64 42 69 90 31 79 73 58 97 67 9 24 48 27 5 51 16 50 83 43 96 92 83 13 23 21 13 26 42 65 93 24 53 3 15 91 20 30 26 20 66 82 50 72 52 92 24 96 66 78 32 19 16 27 81 66 75 15 26 32 55 27 80 11 63 66 2 98 77 3 78 3 77 74 33 79 20 41 74 77 36 19 32 59 19 56 65 43 71 50 33
44 96 18 5 36 7 57 97 90 31 19 53 33 90 6 23 70 37 79 88 59 45 38 41 44 46 33 64 89 80 83 93 90 98 89 9 67 55 55 84 81 58 72 52 90 24 71 53 72 97 60 11 70 91 15 94 63 88 90 95 34 93 22 54 22 100 12 68 40 44 4 69 97 8 55 7 22 78 90 61 49 23 75 94 90 42 44 5 13 12 22 81 21 40 21 4 86 7 2
75 6 73 77 20 41 29 35 7 81 88 5 77 95 9 59 20 72 7 2 36 83 29 15 78 66 4 33 17 90 84 36 46 41 38 89 57 39 55 45 46 64 66 9 45 51 22 99 33 2 12 63 95 64 47 78 83 32 60 33 75 44 10 48 55 32 23 29 99 18 97 80 79 93 10 4 19 67 34 50 72 77 98 65 55 9 56 4 85 58 98 5 39 31 3 72 16 5 90
18 21 34 44 100 41 44 21 96 17 47 95 36 42 88 77 60 22 79 77 7 80 30 55 51 61 75 97 47 59 26 75 23 58 38 42 24 40 8 1 63 38 8 37 29 26 59 69 65 20 8 48 75 17 29 21 36 78 8 43 53 52 12 10 76 83 50 37 31 27 70 47 3 25 23 41 53 10 31 3 88 70 15 91 83 53 10 70 63 43 97 3 29 26 11 18 54 92 20
33 18 57 84 33 76 80 85 87 2 62 48 25 59 63 85 46 97 16 57 80 11 54 100 34 57 62 47 14 49 39 35 47 20 68 92 62 12 24 74 41 58 95 58 83 2 61 62 44 77 8 73 36 61 51 11 85 43 80 77 12 1 42 39 49 2 71 57 47 98 29 36 28 100 18 3 96 61 8 98 56 91 37 33 54 6 86 84 9 46 80 10 36 82 51 80 15 46 63
38 23 17 65 54 31 20 24 1 23 48 49 48 82 32 57 25 17 14 7 84 34 37 91 43 1 51 87 82 58 45 10 14 17 56 59 76 85 35 52 47 50 51 7 65 18 23 66 80 44 18 69 61 31 1 28 21 99 14 27 25 95 13 92 10 61 27 51 7 92 42 74 12 55 45 1 14 59 53 43 51 3 15 29 13 5 6 85 45 22 87 17 40 73 46 40 94 9 68
83 39 74 69 83 35 19 80 2 64 21 62 89 58 38 67 69 80 83 58 35 80 30 75 75 27 25 13 13 33 13 85 49 18 56 7 81 42 80 45 3 79 4 67 38 64 16 73 75 19 94 13 6 83 10 20 52 11 30 78 80 59 11 71 53 45 39 6 20 48 14 75 31 72 29 95 86 38 3 86 47 88 42 61 66 58 35 58 31 19 64 15 17 8 81 39 41 69 62
82 53 13 41 25 18 76 76 3 61 49 49 13 74 54 10 78 64 84 20 5 1 41 76 42 24 24 3 2 45 48 10 15 32 17 22 92 22 88 74 14 83 56 77 33 25 16 92 98 95 48 13 31 63 34 36 95 72 75 5 23 86 70 31 91 42 72 85 1 4 80 40 6 37 44 78 98 9 62 12 54 100 25 76 42 69 80 27 9 30 31 20 85 71 11 37 88 46 27
18 78 76 86 42 56 51 98 74 17 24 70 46 98 3 50 62 77 76 88 19 20 55 10 99 13 56 55 16 51 70 93 61 58 77 93 96 67 38 16 10 68 85 74 4 39 23 15 79 65 14 55 28 40 34 91 15 7 75 63 51 16 50 50 21 40 24 99 37 7 85 34 96 54 17 9 1 10 12 7 19 32 83 89 22 19 24 55 42 76 96 72 81 67 52 54 2 55 89
100 51 59 18 36 5 10 40 43 91 98 43 66 78 74 70 39 42 17 1 2 26 79 79 76 68 75 73 49 34 4 53 79 73 38 68 76 21 26 86 3 28 7 24 59 73 59 20 5 33 41 16 2 67 43 42 40 13 89 29 92 7 6 18 100 25 28 84 95 92 7 17 48 57 87 97 62 29 78 98 41 84 41 68 100 37 92 19 73 91 14 91 89 96 100 13 35 54 82
3 90 87 87 70 47 84 87 22 31 54 46 49 15 98 16 91 61 14 56 85 12 61 44 14 10 31 46 34 60 100 54 33 60 18 42 86 53 19 7 32 64 59 38 29 2 99 45 24 45 47 14 24 28 92 51 21 41 91 51 5 33 1 18 89 32 53 5 15 71 75 82 55 45 37 34 81 56 38 48 93 99 58 1 61 53 41 100 50 78 80 14 35 79 74 85 38 43 65
58 55 51 88 59 1 77 18 99 58 23 37 31 53 65 70 32 50 5 13 84 80 100 100 35 53 23 56 34 6 77 76 8 66 31 19 46 49 88 64 22 99 72 67 96 41 80 43 52 65 17 27 52 70 90 81 23 88 92 56 40 63 48 40 18 83 23 17 26 81 62 74 76 65 82 3 82 17 2 37 61 100 70 77 7 59 5 56 35 80 29 65 41 94 67 91 81 9 5
37 88 24 55 55 40 24 64 37 46 28 83 30 93 91 100 24 87 1 79 63 87 97 42 15 81 25 17 44 87 67 91 99 81 43 80 83 93 17 97 83 77 47 94 57 39 58 68 49 65 83 43 26 9 94 6 39 91 4 26 57 21 49 73 56 90 2 42 50 77 77 41 100 88 92 67 76 41 17 77 27 5 84 23 64 85 91 72 60 45 68 63 78 41 28 43 19 68 71
46 62 92 31 75 5 94 75 28 79 12 16 53 57 45 69 8 18 34 93 58 6 86 23 25 73 40 87 86 46 24 66 13 35 40 54 56 99 20 74 71 39 12 18 72 49 46 51 78 81 65 17 89 75 73 70 72 43 81 71 3 93 34 43 30 24 37 71 19 71 30 90 55 60 39 61 96 86 5 88 91 18 1 70 60 80 16 11 99 82 69 94 66 60 57 95 90 64 38
100 3 61 74 79 99 6 18 77 44 73 74 68 10 30 54 12 65 23 95 18 31 45 84 1 24 97 18 6 93 14 25 89 77 95 74 64 47 53 29 38 80 35 56 57 84 44 64 55 28 79 22 22 76 58 86 53 31 16 39 97 71 38 42 15 17 35 49 93 87 90 74 2 57 65 46 83 6 33 68 4 43 18 51 66 34 10 7 74 41 45 46 98 95 5 40 41 27 97
99 72 20 3 48 26 51 23 55 55 59 38 77 15 30 86 80 78 86 7 45 29 98 65 28 85 38 90 84 8 18 48 87 46 11 51 17 54 10 90 31 55 96 16 28 41 34 9 25 100 39 69 69 41 100 87 36 22 32 2 85 10 22 75 23 73 57 45 24 6 95 24 53 67 62 17 94 20 33 89 66 56 8 94 8 62 87 97 21 84 25 81 48 100 63 77 98 74 91
35 39 5 8 29 16 66 32 41 44 2 38 14 26 31 13 63 85 85 35 89 73 45 100 27 41 76 96 87 78 31 97 81 68 82 71 99 9 54 9 51 74 3 54 39 40 97 78 2 82 44 23 23 19 63 5 29 95 7 69 80 68 57 55 50 74 84 97 27 9 18 8 70 92 1 6 54 25 62 99 77 72 53 75 89 20 62 74 58 58 33 97 38 17 21 2 69 18 12
54 91 58 3 100 86 64 6 3 11 20 33 2 76 93 21 82 8 90 45 63 88 77 22 21 18 65 66 41 12 5 74 48 78 30 59 88 72 29 47 95 99 26 67 53 60 98 91 29 96 78 97 82 1 15 72 73 39 100 55 95 77 23 13 53 25 44 81 8 32 81 51 10 48 65 41 74 25 52 17 9 46 81 8 62 85 98 74 15 73 46 21 63 88 78 79 66 18 87
98 92 29 37 18 39 26 13 71 15 85 7 67 83 19 89 60 61 99 70 84 37 88 62 95 59 15 1 71 72 87 56 89 78 40 91 77 6 99 93 77 95 87 57 56 33 16 3 7 91 57 25 5 41 95 55 9 85 65 97 48 69 96 82 94 73 42 16 29 81 63 74 16 67 95 69 79 8 80 27 93 85 98 60 38 79 77 78 19 45 37 45 1 25 53 97 85 54 91
63 35 90 51 9 81 19 2 7 52 36 91 57 78 28 35 62 96 38 96 1 24 89 23 50 52 62 59 26 95 22 89 55 57 53 89 71 32 51 33 98 29 76 83 11 10 99 63 80 52 22 88 85 30 10 93 2 79 5 61 97 11 39 4 65 67 11 28 80 81 66 75 5 23 28 1 3 89 39 9 58 82 32 72 6 96 90 4 23 45 70 97 24 74 68 28 89 52 5
22 14 22 86 1 12 17 71 67 43 25 45 62 49 46 88 41 80 25 34 4 91 48 24 18 51 29 66 67 68 48 98 83 35 84 6 77 40 32 61 36 98 84 82 18 39 39 38 40 84 57 4 1 64 83 66 31 54 69 35 31 94 9 54 91 6 26 47 4 40 53 88 88 44 18 9 18 56 64 46 60 100 57 37 73 26 83 95 81 31 23 38 67 47 92 27 96 60 42
21 8 70 75 60 10 67 81 96 18 81 19 33 38 60 32 31 14 23 70 54 77 22 11 70 70 12 38 62 67 57 24 28 3 57 34 69 90 87 90 95 2 95 83 10 79 27 50 60 27 38 31 18 77 22 26 40 51 15 92 22 76 63 64 62 80 4 85 54 89 42 76 99 100 65 75 22 89 25 63 68 49 18 93 5 84 97 89 81 42 20 14 39 80 43 75 73 24 41
38 92 60 12 8 71 85 42 22 100 64 53 69 95 40 79 1 46 90 8 25 57 72 28 1 19 73 21 91 85 95 35 25 31 72 38 52 26 2 31 76 94 15 39 10 96 21 60 59 60 15 51 1 85 49 16 69 11 20 9 80 35 21 5 98 87 30 98 95 25 55 32 42 16 64 61 55 89 51 69 88 64 40 45 43 99 28 77 27 17 80 15 14 77 90 92 78 52 22
62 74 58 92 91 95 6 32 88 35 85 86 11 15 84 77 90 64 4 75 31 51 58 95 21 88 6 81 34 70 20 4 45 66 41 3 19 12 54 53 93 41 74 56 21 33 76 89 4 39 22 57 27 41 77 66 18 39 58 59 78 50 24 55 74 83 26 99 5 24 85 39 68 93 100 23 3 81 81 12 31 60 63 45 32 70 57 66 21 65 86 15 13 34 89 85 79 48 28
45 35 88 43 22 64 96 3 86 17 22 77 5 50 95 67 81 14 22 9 93 59 18 74 94 79 98 46 19 36 16 70 47 25 94 37 56 96 9 58 34 79 11 14 96 64 66 3 31 77 85 52 74 18 79 5 46 49 72 32 44 69 67 19 94 83 11 39 5 78 26 27 65 78 17 11 48 55 65 25 74 50 38 65 87 97 83 93 60 50 66 47 90 97 15 30 12 14 87
62 91 69 4 27 49 34 49 11 57 95 2 65 4 99 55 30 22 27 40 43 55 25 62 13 2 31 51 52 76 26 45 2 92 21 41 34 58 73 32 69 36 12 88 29 34 88 68 24 89 50 92 69 23 66 77 91 34 74 12 6 76 21 38 95 16 11 9 88 2 98 64 98 4 84 73 69 12 99 72 11 63 23 21 85 23 9 9 26 82 98 25 67 87 26 14 3 9 40
27 63 31 31 5 2 56 50 18 40 39 70 99 56 68 46 11 40 61 70 87 37 5 15 95 6 74 15 74 73 48 75 100 25 19 35 47 72 37 69 30 90 83 23 75 3 3 7 91 12 26 63 23 43 19 51 34 1 82 44 6 24 70 85 28 75 31 24 17 77 4 5 8 41 8 72 68 37 92 52 44 80 98 5 58 65 48 89 39 91 59 50 36 58 28 53 23 10 24
17 76 67 66 32 52 74 24 58 52 17 96 40 20 46 59 80 51 30 58 55 72 51 86 39 97 33 87 31 76 99 48 69 60 30 61 81 36 26 36 40 94 61 56 46 79 94 98 56 50 53 6 15 87 44 71 77 50 91 68 11 70 45 64 78 57 60 91 48 53 99 34 67 21 61 36 10 86 24 35 16 16 25 28 33 53 60 26 65 66 92 82 44 59 45 38 26 15 77
12 79 26 53 4 77 63 100 36 25 94 42 40 80 54 47 59 60 60 49 37 35 2 76 72 52 72 89 5 32 7 2 54 8 48 80 17 41 77 26 13 64 24 87 78 31 29 39 57 93 64 49 66 47 34 55 95 63 27 39 1 64 31 27 72 21 48 8 46 8 20 52 47 69 98 88 65 43 63 7 19 21 88 13 34 100 4 95 1 39 32 68 67 12 70 99 57 92 23
19 1 12 93 43 32 59 51 83 10 4 55 4 56 46 24 66 27 8 91 58 33 24 43 46 46 33 54 22 18 95 85 24 100 44 99 55 18 46 3 78 98 77 79 86 96 13 89 14 37 73 22 82 75 87 64 67 76 14 48 76 30 35 5 99 35 85 21 2 19 18 29 100 23 37 81 84 9 64 84 5 18 27 31 79 76 47 31 66 66 36 17 63 23 47 41 36 7 46
8 52 70 32 74 80 70 55 63 70 69 23 94 95 59 56 8 15 61 90 79 78 11 89 34 55 32 94 40 85 16 38 36 52 68 81 90 55 54 73 94 29 53 7 98 82 97 14 3 96 69 4 88 93 23 91 48 45 43 8 61 48 98 38 32 48 67 88 59 96 21 9 81 16 28 56 68 52 60 14 42 95 64 54 56 8 66 3 4 40 63 9 55 57 68 36 81 83 62
98 52 23 88 21 57 14 79 69 44 73 63 90 21 78 79 38 36 43 10 41 26 34 83 19 7 13 93 81 69 51 98 48 67 94 40 20 18 36 84 24 43 94 62 92 3 72 50 73 51 98 93 92 46 55 49 28 98 92 96 10 31 44 45 5 91 18 64 44 24 43 84 17 39 3 9 46 59 73 4 55 95 55 27 100 47 85 72 18 25 71 37 45 36 28 50 42 34 82
7 21 59 97 32 35 43 87 86 46 80 100 3 84 73 75 99 13 51 52 82 12 9 25 14 3 7 6 18 44 5 100 34 47 9 32 15 92 26 46 1 54 98 4 85 34 25 34 21 61 41 68 39 94 54 87 33 1 37 40 81 32 52 80 14 6 83 61 90 72 42 24 28 85 5 58 2 54 4 57 1 35 57 30 67 11 57 63 21 69 38 81 32 4 37 94 45 31 18
57 1 18 28 14 75 17 67 17 8 81 59 10 48 53 43 100 87 50 12 77 50 9 48 7 69 36 84 41 89 26 31 62 82 32 12 31 44 40 82 7 66 70 32 53 6 34 85 36 59 11 61 68 58 98 57 36 74 87 36 35 83 75 54 69 82 83 55 58 98 28 33 18 67 27 69 95 60 83 59 73 53 27 4 35 19 80 72 22 16 48 9 65 2 90 23 4 12 36
55 77 48 76 69 65 65 21 56 43 24 71 97 56 35 6 90 72 6 60 32 69 48 44 40 92 85 28 56 68 3 50 26 8 14 31 70 62 26 17 80 59 1 52 82 82 51 70 7 14 99 51 42 86 20 26 4 20 30 95 86 59 65 75 45 12 97 71 86 83 56 26 70 55 21 1 16 85 42 19 53 16 29 21 83 48 90 68 97 71 13 15 76 40 14 42 80 7 88
48 90 30 58 85 74 17 43 85 72 65 90 47 16 9 74 95 37 26 40 37 1 69 13 20 32 6 5 71 26 41 80 93 35 15 99 11 30 56 6 58 25 86 15 64 35 63 23 51 62 43 86 72 82 72 9 16 97 11 3 33 78 72 95 53 77 51 35 13 25 56 2 37 35 6 25 88 53 80 3 37 82 60 98 82 80 34 89 27 53 21 20 49 45 7 100 17 46 94
56 13 13 39 52 8 73 65 44 3 75 27 68 37 88 33 41 15 36 100 25 21 71 96 92 64 8 40 54 67 7 77 54 94 51 80 46 34 28 65 11 28 77 89 39 17 67 83 39 56 69 92 84 60 30 16 93 65 44 4 21 53 33 48 70 90 78 49 4 39 70 61 91 81 53 63 73 93 64 50 18 87 53 31 34 34 3 19 21 63 19 18 83 57 79 41 23 11 31
68 56 41 49 50 73 82 55 8 91 8 96 85 27 96 18 33 56 84 44 68 10 97 15 58 42 77 60 79 12 53 60 21 9 39 61 71 43 90 57 54 63 86 91 87 42 93 56 47 76 5 49 89 63 83 28 32 73 27 27 81 85 88 19 5 34 3 77 75 2 56 58 7 28 86 88 71 7 39 35 93 81 57 34 24 15 5 18 76 49 17 51 5 52 79 47 44 1 18
76 62 84 37 19 68 28 95 48 94 74 7 18 92 100 2 16 76 63 33 84 54 80 22 2 87 84 50 32 21 4 3 93 81 44 73 24 63 17 32 45 7 19 41 81 16 48 60 5 49 73 32 34 78 6 75 33 53 44 87 40 48 72 41 13 36 64 60 89 43 84 58 97 83 33 10 49 66 29 92 49 47 80 6 35 100 16 70 41 18 88 11 26 35 70 25 86 3 29
31 37 47 70 53 24 15 4 52 69 42 36 13 49 28 34 28 94 89 14 92 11 45 30 18 85 31 79 56 37 20 54 85 94 86 74 2 44 55 11 76 39 25 97 14 94 35 51 44 26 32 8 61 41 95 14 14 59 58 100 27 33 39 7 75 61 25 11 18 98 64 22 19 67 44 26 1 70 83 74 44 59 22 40 7 98 82 28 97 58 86 8 9 40 66 51 86 1 88
98 52 45 23 84 38 2 13 77 50 47 25 12 46 82 75 80 93 35 27 51 30 62 94 71 68 25 21 76 45 58 45 52 10 56 22 67 38 46 78 97 74 55 65 44 88 20 29 17 84 53 76 31 74 27 39 65 51 93 41 15 4 69 65 28 29 82 48 76 17 30 54 55 30 10 27 6 77 65 92 8 93 14 33 70 24 53 60 95 16 80 19 29 20 60 27 40 6 7
59 29 41 83 93 67 49 8 10 78 39 47 74 27 76 50 20 48 2 37 91 95 83 49 95 77 31 35 58 58 28 50 73 87 61 55 20 48 97 29 7 75 69 39 99 51 77 59 76 70 98 75 83 12 25 77 100 13 21 80 57 8 26 5 73 62 75 65 47 9 80 99 49 47 75 11 44 91 39 65 62 77 24 47 63 80 66 32 34 86 86 68 86 94 37 39 35 11 53
18 52 68 43 34 41 28 47 94 67 40 100 18 8 2 20 41 9 92 2 54 21 95 26 42 54 95 62 12 25 53 59 55 44 21 95 5 52 39 55 39 7 84 29 94 18 96 36 69 47 78 12 49 55 16 45 8 75 18 73 80 15 50 66 72 80 68 71 48 2 85 20 74 70 48 56 16 91 89 27 82 89 2 3 54 35 98 48 49 68 82 4 70 98 38 23 20 43 51
30 96 77 74 25 48 53 85 6 99 92 100 100 27 55 27 5 17 91 18 22 41 30 24 99 35 47 33 21 11 91 60 27 66 76 94 52 67 40 98 67 65 100 3 64 7 29 56 49 72 44 12 18 18 32 54 76 42 7 3 35 95 73 14 60 18 63 86 37 94 84 31 78 54 7 27 86 100 100 79 88 15 26 52 15 34 8 9 97 11 66 47 7 63 21 61 93 73 65
8 80 30 78 15 65 51 35 29 7 39 27 85 94 95 63 81 19 28 53 17 75 67 73 84 61 86 75 75 70 85 58 44 3 50 5 28 48 87 4 67 45 51 36 53 24 49 6 42 63 32 61 93 65 25 94 77 53 68 95 99 97 98 6 50 52 24 22 44 63 23 11 35 44 68 76 27 46 1 67 59 50 80 16 4 88 15 67 94 15 45 42 8 47 58 88 70 1 71
14 76 10 43 87 39 79 72 69 22 9 1 84 17 22 22 10 34 84 47 41 17 76 18 57 98 30 92 25 62 3 69 36 78 12 85 21 58 75 25 46 16 57 12 66 95 95 42 43 80 13 88 26 18 48 27 76 22 9 87 31 74 88 98 79 6 74 82 68 11 87 94 41 49 49 7 100 18 82 30 76 83 63 64 99 13 75 47 28 28 26 1 69 5 63 1 99 64 95
71 58 61 64 34 81 83 38 54 16 43 81 20 75 90 21 82 20 89 25 59 17 2 88 64 16 54 52 11 100 44 31 47 35 76 9 77 78 27 72 56 92 45 54 69 36 1 80 15 83 82 43 97 37 40 95 31 74 46 30 32 18 5 51 52 43 14 93 80 23 5 25 30 4 46 35 81 26 76 51 81 14 45 34 57 66 75 84 38 7 28 9 20 6 27 21 73 46 93
90 79 68 11 100 39 33 51 8 83 41 27 34 39 57 83 35 78 78 34 11 23 56 94 19 94 26 48 25 100 37 10 91 98 76 22 29 37 65 76 54 95 71 99 5 68 90 7 1 1 86 59 96 58 75 29 91 35 84 39 80 77 96 35 38 93 98 26 93 72 17 32 1 11 77 88 57 11 22 29 31 35 69 54 75 63 42 82 61 28 73 78 50 97 44 71 44 54 75
15 34 24 54 88 86 43 63 33 34 60 81 31 59 51 21 47 89 89 64 70 30 21 97 96 9 64 52 47 74 13 27 26 26 80 49 43 78 45 73 94 95 79 7 92 73 55 89 1 90 72 80 51 74 36 23 54 85 85 59 93 10 94 8 76 84 43 18 26 23 20 74 58 72 47 64 86 49 93 25 97 71 82 56 53 14 39 52 19 23 89 45 32 77 81 80 95 5 9
25 33 91 68 6 99 59 44 16 30 50 88 85 26 74 10 62 29 21 28 59 68 83 7 72 23 33 98 5 41 90 27 51 27 67 2 95 89 18 53 87 23 71 50 41 82 99 38 60 65 67 41 97 62 78 84 92 61 29 25 45 12 63 71 23 78 26 35 97 15 87 16 98 91 61 74 83 41 40 44 78 8 72 68 22 12 94 98 98 6 62 35 34 7 48 60 37 43 33
73 74 31 59 44 31 83 9 80 45 42 7 71 84 14 54 26 67 22 71 82 9 17 5 80 20 82 69 61 22 34 94 67 60 24 51 57 45 15 79 60 28 97 60 50 77 53 50 32 68 62 15 36 42 71 83 98 16 71 41 56 39 48 46 33 26 19 43 56 45 81 34 6 88 59 33 28 23 50 4 53 37 2 8 80 92 3 63 1 25 38 82 47 92 92 58 54 39 23
3 27 70 45 67 62 88 15 76 62 99 54 82 21 94 23 3 35 67 21 44 5 49 31 2 84 52 38 74 90 89 56 30 30 37 22 56 75 16 52 59 7 39 70 9 47 31 8 2 87 84 18 28 93 43 30 21 85 37 72 69 79 12 38 88 23 18 29 34 28 21 42 34 19 83 61 80 65 81 28 47 19 7 79 96 79 34 63 52 66 24 66 52 95 96 85 50 44 40
27 71 80 71 25 91 44 6 36 58 3 58 26 5 11 22 7 89 21 51 20 2 100 42 76 1 1 55 55 8 78 25 72 48 61 6 9 18 71 74 4 73 79 100 12 91 57 42 60 91 63 81 92 79 17 94 81 50 88 21 42 26 20 81 5 36 30 35 27 54 1 22 5 12 75 43 52 57 2 63 43 56 5 20 7 19 16 19 67 22 93 81 42 14 20 3 40 97 18
14 7 61 17 3 7 47 19 3 81 90 32 99 47 17 86 79 77 60 37 5 39 58 93 5 6 25 98 20 13 43 86 73 63 33 9 27 4 26 99 7 30 39 47 27 3 46 38 3 40 9 94 20 2 39 11 3 54 24 9 1 74 10 91 63 21 91 70 81 40 47 86 57 43 65 36 72 15 36 54 96 96 25 46 78 51 81 99 20 94 86 1 46 86 60 85 97 62 27
100 79 21 69 28 53 85 57 46 49 74 81 4 21 53 9 54 41 38 8 28 5 8 44 8 63 31 90 80 26 25 56 58 97 62 22 56 100 43 41 38 64 70 73 24 44 15 82 49 28 96 27 23 6 96 87 28 18 52 87 69 75 21 87 48 27 90 6 11 6 41 96 92 72 90 67 51 71 48 61 39 6 84 84 34 66 22 19 45 43 80 83 85 46 84 18 62 31 97
82 46 72 76 65 44 68 22 19 34 65 74 64 32 46 44 23 30 39 56 78 95 73 76 49 85 17 26 79 22 85 38 36 38 93 58 100 73 33 29 17 45 18 27 57 54 10 67 60 68 99 21 16 36 55 69 32 63 98 75 18 47 71 50 17 63 78 64 20 81 21 73 45 35 39 66 91 78 85 93 56 55 46 7 53 74 46 66 82 71 99 96 72 60 88 75 71 72 22
68 5 2 24 35 96 19 47 82 20 70 43 74 84 36 51 68 99 95 24 39 32 25 35 2 50 43 98 88 58 5 83 98 97 51 54 10 60 2 98 88 12 80 39 43 88 48 2 63 68 46 36 34 18 40 1 25 99 13 42 73 78 65 72 16 94 72 54 85 63 26 98 71 95 45 63 92 14 40 61 7 44 81 83 64 55 16 20 57 59 76 7 77 83 29 91 51 19 17
82 14 50 2 88 44 28 86 9 64 3 27 17 60 64 49 96 78 2 39 20 96 65 52 22 27 7 97 35 50 20 19 28 27 19 39 9 94 32 15 3 71 27 58 42 59 43 4 33 39 88 94 12 79 67 49 23 85 21 95 51 78 40 69 8 87 31 21 96 51 88 73 90 66 90 88 49 10 92 37 18 8 28 67 9 66 88 44 5 61 50 12 75 45 94 84 50 26 45
17 14 28 71 56 68 76 31 5 25 23 59 3 23 71 86 18 100 60 36 9 97 4 25 92 97 1 48 12 77 100 54 58 91 81 54 91 17 22 76 5 14 74 12 58 73 81 31 60 63 40 15 65 13 68 66 32 16 89 56 10 95 94 87 82 78 75 7 69 43 80 92 91 26 3 1 56 35 40 23 93 93 93 54 81 98 30 82 65 15 42 3 71 46 30 71 88 55 17
38 31 93 14 11 81 28 1 86 57 81 2 52 89 39 41 66 73 17 91 75 73 37 13 74 80 22 7 34 39 55 55 59 70 36 53 56 11 63 55 4 59 65 95 7 97 62 9 58 96 41 75 70 45 5 11 51 12 28 86 29 99 79 35 29 49 43 28 11 68 29 22 18 5 19 68 82 80 64 62 76 26 28 63 28 63 88 53 90 64 84 2 80 68 7 84 86 42 3
88 27 60 23 15 67 55 19 37 56 57 86 7 64 87 16 58 80 88 51 3 25 91 52 85 27 89 5 22 40 62 46 55 94 28 8 74 74 62 41 98 69 78 2 76 31 52 44 91 81 95 43 34 99 63 66 46 14 6 11 87 78 6 61 38 38 4 54 43 52 43 10 94 69 5 32 15 47 58 77 74 69 84 4 22 96 46 51 20 1 55 25 17 99 14 51 93 88 24
81 3 29 19 100 36 35 51 35 88 24 91 51 8 36 31 89 92 37 43 85 7 61 49 18 21 3 2 17 5 67 26 37 1 54 58 22 43 98 41 29 4 74 33 91 11 12 11 58 3 39 100 31 50 53 4 48 38 91 45 33 44 3 39 10 79 82 90 51 17 70 100 33 50 94 86 22 38 45 7 23 53 83 92 93 1 2 74 59 6 93 34 33 74 87 49 90 26 91
63 35 24 13 58 19 55 13 91 39 87 16 97 17 54 20 80 58 15 86 83 42 12 41 97 2 91 34 38 11 91 77 62 87 60 36 96 53 92 13 1 64 78 62 58 11 99 51 11 31 59 90 95 72 18 73 43 74 27 55 47 15 94 60 12 10 27 70 100 29 49 89 71 61 23 22 30 41 48 8 88 31 49 28 79 53 73 81 56 97 80 100 8 29 84 35 52 71 5
32 88 17 49 84 7 92 17 92 77 83 15 43 2 17 85 10 18 27 75 48 38 70 15 4 12 85 17 15 14 27 93 34 11 33 20 33 60 45 20 66 79 17 40 16 90 39 34 49 38 78 94 92 22 13 26 85 78 8 65 3 29 78 6 43 1 85 87 97 67 60 69 7 37 12 70 25 87 67 38 36 62 34 78 38 28 66 47 22 65 95 87 98 38 96 2 27 69 7
37 67 87 51 89 45 50 61 99 76 3 79 74 22 77 18 25 46 97 72 67 3 4 74 67 8 19 47 86 42 4 57 77 79 77 85 83 35 51 16 61 33 92 1 67 59 88 57 2 27 78 2 68 35 82 32 29 89 31 30 92 60 55 79 36 37 13 85 20 86 67 97 12 62 67 57 43 46 73 31 29 51 78 20 35 98 49 40 79 83 52 73 56 62 28 51 53 38 30
43 58 5 55 98 16 67 57 80 94 40 28 14 73 64 12 37 55 87 88 58 30 35 100 63 56 61 69 6 70 97 2 51 26 91 36 30 72 18 46 96 84 64 50 73 14 34 39 21 81 28 89 38 48 80 11 33 78 92 21 80 35 45 58 68 99 68 40 91 4 74 98 83 34 57 14 87 51 19 7 13 93 14 38 53 93 24 98 1 24 69 8 6 83 89 45 66 47 82
54 67 22 79 29 77 62 99 54 23 67 14 70 80 62 5 34 57 16 52 87 33 53 73 52 52 56 70 94 64 53 31 67 74 61 57 92 82 56 79 17 85 92 94 88 44 59 52 12 48 21 13 22 55 34 40 80 71 100 69 80 32 24 92 25 9 43 54 41 33 70 14 31 87 55 40 66 89 1 15 32 53 23 96 9 27 37 74 45 14 26 54 98 59 53 77 59 64 68
5 88 1 69 3 87 28 69 12 20 95 29 33 2 97 67 64 74 57 78 51 18 22 23 45 28 16 9 64 51 59 3 15 90 23 46 68 84 31 68 37 98 87 45 10 66 52 50 93 22 85 89 79 80 46 79 26 37 99 18 38 34 3 31 52 12 64 49 50 100 69 51 3 44 58 49 56 63 33 77 13 20 57 11 86 61 82 43 70 4 52 15 70 96 91 93 80 61 89
60 24 10 60 77 38 35 36 75 59 86 75 72 46 28 49 58 32 43 58 93 47 39 40 7 98 51 89 86 6 15 21 60 67 50 54 95 28 63 33 44 41 2 85 99 57 61 77 66 69 2 88 92 46 47 20 58 14 53 76 78 35 80 25 6 68 85 46 46 81 39 53 70 10 56 81 69 22 19 36 28 55 16 81 80 55 68 4 25 68 89 69 21 8 23 55 50 81 93
95 44 94 48 61 98 48 59 63 81 79 69 15 65 61 55 8 50 74 89 75 38 34 47 45 74 95 75 60 87 22 45 54 35 42 58 78 94 63 20 30 33 3 66 63 84 24 49 92 57 4 54 91 94 13 6 73 86 93 49 35 23 18 75 5 95 51 63 80 91 54 87 2 52 31 48 94 81 68 78 7 82 30 22 60 67 3 65 12 100 9 76 80 100 93 26 62 59 2
61 8 37 84 89 39 17 55 47 42 45 57 46 64 2 80 46 61 37 12 74 53 8 100 22 48 50 78 27 77 15 8 76 79 55 84 66 42 54 55 14 98 69 7 13 31 87 97 16 65 13 59 52 34 38 89 43 61 62 32 79 67 20 35 71 28 47 48 61 25 44 73 22 92 93 35 58 27 18 38 77 7 41 89 27 61 18 91 71 59 93 48 91 5 54 37 96 59 94
8 54 66 11 13 12 25 79 7 87 68 74 81 82 51 37 42 51 65 18 9 55 1 65 49 75 29 45 85 78 99 21 22 1 15 27 23 16 23 33 71 10 56 74 58 25 89 62 61 65 32 27 100 19 46 66 84 52 61 35 61 54 34 6 45 57 92 82 3 44 56 90 39 38 18 86 61 97 21 72 28 13 22 26 74 50 62 29 92 56 81 55 89 48 33 21 73 55 86
6 62 10 65 54 25 93 78 10 73 75 13 43 12 82 97 56 31 65 48 52 5 34 3 64 41 2 8 44 8 13 94 90 95 76 10 47 79 40 87 50 13 10 47 69 86 54 30 50 35 72 10 45 85 12 73 100 52 14 5 83 90 71 74 61 1 97 75 23 13 25 52 84 47 90 28 56 91 83 69 48 62 50 76 38 36 67 7 32 51 34 42 34 64 69 47 11 7 42
23 40 94 89 89 87 21 88 50 57 7 91 53 95 77 23 6 30 11 63 80 23 11 14 59 10 25 7 50 87 34 64 79 85 33 83 68 98 65 67 55 16 40 16 15 44 18 2 74 26 18 13 54 7 20 75 1 17 84 76 15 27 28 4 5 11 39 64 29 95 96 83 63 39 88 49 64 27 77 88 9 15 49 76 7 73 66 65 70 37 15 46 52 82 13 24 34 41 52
16 70 23 33 60 47 5 97 3 79 88 59 36 80 77 55 21 21 77 77 67 68 14 20 91 21 60 1 55 71 87 25 39 96 40 97 95 94 75 62 46 4 66 67 33 77 87 88 70 16 42 8 100 41 83 12 43 48 33 55 1 36 62 98 41 86 2 95 43 60 65 59 10 28 50 99 50 8 21 40 21 14 52 79 76 23 92 81 66 34 54 40 2 85 5 6 36 99 25
50 22 77 91 74 20 21 6 17 98 54 6 67 71 38 99 52 13 36 75 53 24 73 43 16 94 67 35 98 77 94 76 74 81 86 47 91 33 72 94 38 40 30 92 72 29 75 66 7 78 44 100 15 7 92 92 83 75 37 32 56 20 82 46 59 60 52 33 64 11 34 25 90 26 15 90 14 100 78 79 14 47 20 46 41 57 54 45 79 72 33 69 22 47 17 12 92 88 68
80 64 3 32 57 44 56 47 100 35 51 96 13 73 29 52 40 38 59 2 56 15 91 94 20 20 72 32 75 90 32 26 3 44 41 85 55 39 21 36 38 48 87 42 39 80 34 67 45 1 40 33 9 34 24 23 31 87 4 49 59 70 18 49 79 49 79 59 4 27 57 79 23 51 44 1 89 93 14 32 90 72 25 47 67 76 13 74 67 73 74 66 34 50 86 36 75 14 22
50 77 5 96 67 69 37 98 51 64 32 60 35 94 6 63 56 51 32 36 100 49 22 57 77 89 61 39 39 90 86 74 43 65 99 41 31 71 90 52 44 37 25 25 86 4 28 60 51 66 41 74 45 95 28 48 48 26 57 62 48 65 59 67 8 15 54 99 33 7 61 46 92 16 94 49 19 87 63 45 73 55 68 18 48 43 3 26 95 27 67 62 38 13 54 2 91 61 83
56 98 52 53 28 59 51 28 80 26 40 9 24 34 100 49 46 18 12 3 19 40 26 40 85 34 6 70 65 94 57 77 19 60 74 100 42 71 98 9 96 49 95 39 26 76 16 48 96 10 92 20 96 34 9 67 59 64 84 95 13 53 94 9 47 56 33 33 90 73 64 95 86 40 75 17 91 63 31 58 76 59 68 67 50 39 91 83 50 76 34 20 69 68 94 1 61 74 42
80 22 24 42 71 10 12 36 29 63 14 84 19 53 71 3 32 74 28 16 91 62 83 20 19 12 69 98 15 54 32 98 33 43 83 86 20 73 18 60 58 43 72 37 97 86 10 12 98 19 11 60 7 36 32 15 86 60 60 56 21 24 79 83 63 85 51 54 32 29 11 58 2 83 86 18 18 36 44 98 68 94 9 63 46 36 63 22 94 84 78 63 25 12 32 68 25 52 25
